ghi=9.900000
acb=148.500000
bac=234.400000
